4 10 2 1010
-1480182187 -1158834411 
1065140067 -1482671904
105110362 -1481792507
-1172321488 -837629946
902093045 942667539
-1358528853 1460847732
-951605288 -187551617
-635534710 308018802
-1022887236 1691328639
1340291965 199988565
238604615 750849379
1478523812 783291730
1758484591 -1283825407
-1009456855 -1318243693
2025205402 -828800058
0 0
0 0
1975452418 1285418406
-1292975132 -1374168912
1372694349 -174585432
432649315 -659282039
242926410 -1596219200
770699325 1115798993
1962242568 -1750863322
-1351996034 1750764754
-1806675611 1572035763
-2108898814 247290980
1178403319 -2128347420
1712594280 -1031257996
-189064150 -1948330375
-53325722 -1081802165
-1003817490 122463509
-1764601034 -1647389135
1249073421 -1934572379
-1411888208 28293703
1708739295 630045404
-1249531665 937445113
341438104 -874930975
1866734715 296160174
-1540561479 -344615663
-1503325222 -92693128
281439136 2037101542
-1193097794 1792803913
-641207490 438033640
-1171739461 -337642564
-360542447 1213582641
2121560282 1893270677
-1742691567 2046642156
-889027935 -1227998914
1383593180 746889755
1544740016 1575961462
-2079899380 -184899357
-1218744125 1965749898
-1895559098 -2054397517
709102617 -2092081789
200160903 1013076510
-1117485791 -418441359
1993773299 -328483807
-718901769 1423932442
1799408202 260135422
1075111588 -396711180
-1661619736 -905809486
1908348951 141915866
-119015867 -2117025742
-1213893378 -605964872
182580880 862265895
496125942 1402987686
-1930673433 -48848516
763733265 1930059503
464904612 560991518
-345736391 -1886713086
-453652243 -74830356
-137227002 -740807892
757840327 674248040
754878144 143070999
624816479 -1906223044
-1297573396 1147691386
1867484833 -45083848
-764444172 -1574149572
-1369461879 -1447686634
1798626141 -346203945
-970897940 -1862618517
834709727 -948669394
-43875305 747829820
1482234087 -1458154755
140487214 -283531456
-1533707989 -1850296463
349261693 1436187471
-1617158180 940613368
-681993071 -1161460163
1138142780 79386946
-2115160741 725602742
-628004327 -1985914328
-375833907 1983526380
161172389 172155214
1346108396 -1695521106
908263300 -1431045908
59505175 -1044966339
-168843846 1269882843
744072545 -451513899
-943502407 -678323672
-138803977 -482060944
-170643246 935079986
1294436651 -762601285
31830696 -1196850912
-82034049 -425737222
738306207 -669861057
-1246732228 -1060929365
2135798068 2128244757
-731836688 -721103451
-843255246 -765156736
-1006276217 1697314130
1165725053 -210631790
-1947477943 1052022163
962235057 10297649
716197204 452440826
-303896335 -359966098
37887528 -120338399
2055821699 -973318484
1994684933 -560475322
601632283 -963706598
1186273720 1536065672
-1633824703 -17483544
334267782 1996357265
87753290 -1375659572
1645898146 263874077
-2084238648 -931742061
-1186739158 -1909122604
1516496430 1971256438
1773646784 -2026678668
381133322 1577879613
-1028649636 416104397
1426786355 -2036935604
1625168265 1104594053
113760787 -690248983
-1815150499 1972271486
-1947360125 -2100326635
1218337515 27478857
1502227731 -1883261652
-1789183545 -2045062980
645127283 -200335343
-228372790 -567049625
1792705913 -2006321733
1250589672 -2001371884
-1196011855 -2108134220
2068307809 1038594206
-479509157 1134071715
1437566614 -1518021164
173587486 -1515261449
2027295772 -607153959
-1610811100 -985958572
1074242463 99659612
687412408 227279242
971882266 -107082564
-1124298846 -1690606887
1449687694 130076663
2042697631 1572668141
1711683179 1068048873
-1988371312 -1491779572
1878921630 934646213
-1857576726 1037515980
2065467946 -254318118
1237459374 -1860502079
1942902685 1192254031
-462892053 -1083319211
-1683734204 727390698
348329109 -394162978
-425284377 -2101143999
1980318771 2072432664
1418118836 -152472924
202992706 933847254
1857823962 2061681684
-271854529 538331836
1281177596 -1589019568
732157888 70138310
2004027462 -1215032455
1472664113 648962746
-477115997 1735525800
401217881 43239600
1575973707 -1613238360
-1241242862 937279817
-707630208 -25353963
2059138888 1913864224
-1102255203 -1471690752
491100942 -1740212533
1572699179 2064003170
1779137288 1060347614
742743067 647562968
-209545870 1655719558
764629005 1687143497
1280863410 -692661316
-771250020 -777260793
-79526553 1377765158
1454643635 488419696
-164666879 1001932910
-726867454 -1265434463
1585421880 -79575436
2004289585 -111888154
-418298128 -1503705146
267737671 -1137831125
317244485 -178801542
-701584087 284926994
2118671108 -935133675
993560627 -1033888083
-2134271795 2072059254
2114395237 27475690
-1587233590 1328462632
1563273774 2119465713
-1829721644 -902572872
-977437894 -875523299
2124050612 -859942409
364980699 1814218572
-1986687841 -114461657
1081889886 1875875896
-1637921850 -470261526
559593529 155972927
1042464535 1351623903
411968990 996113176
-840262417 298528339
-380195258 1452402584
-1822622522 -967266192
1555507917 -228854693
170849833 -406436058
-94492728 -1904521030
-1716715995 -1319754811
-1008684447 -1399731288
1263292998 -1301120186
-2078737943 1717716608
1286218395 -76840130
104949023 -735925971
636250963 -2062688009
613564784 1006132798
154093761 -1664268559
-1587531464 -1295041390
-988563145 -784609932
-183799414 1712337575
999607655 523760310
-959345637 -199798938
-56422451 -722365483
88908812 -1567192270
868069826 1222272200
850600615 -1750616059
244837835 -938457219
-936141932 1836126507
-268542186 882792009
-1825139893 -1010816600
1771256473 360481334
-568637179 789651803
1819106346 1889648981
-1700549394 -1903741108
98075378 1379169919
-1512682818 87944252
-1750226936 2116694025
1840147765 1420049670
598671553 -1378220640
1520011259 -802657650
0 0
699968859 502975039
981466558 -1922833454
751443439 -12900224
942863350 -638162755
-811036974 539190972
-1789422697 -2108732435
-468802438 -2108108715
-253592695 -558093685
846087552 -941058188
-1659622551 -1292302356
-1960797467 -1524470510
-886984933 1986630109
-184702841 907814578
-1794862406 1449941202
1491038751 -843775095
-448062756 1738643238
-2064253332 1475011117
2074431397 1544756694
-2038782235 778927667
1307701741 -399567472
-398840820 2093055517
-1125358120 -1100287089
-184263159 1713402101
-1740503579 -1804547762
-221893972 -2104675462
-1897942620 -1553071044
-62572451 1039893711
-1563644661 212794209
1637149118 1339943985
-1409585876 -1564785522
-1942721517 -1731424333
-994872290 408136732
523950469 -222803635
-1928520559 1272370103
-1593560452 1122545848
102739241 -1784065323
475045316 35705968
685270954 526123763
-1849310082 -1516413240
-162630854 21812784
-2058543116 111235747
1418472452 -1064199079
-548408989 -1096661652
0 0
222174743 1346111753
-152960771 1901417662
430311698 1683912707
544168353 1051539532
-823655356 1044581105
-1131459969 117202191
1418658233 204761732
-1148973334 -1047950530
1881890443 -282947273
1184483381 630347539
-352332099 -309029198
-215437043 -1784229873
-1490934026 -390885417
1375371832 53347736
-1788836090 1076908524
508383374 -691328637
-1011419350 1813255238
-1810144021 945920615
432125001 1452455277
558065079 1360181195
-848816991 499409122
1550369650 -1705218819
-577545168 -1429403907
-369850356 243279434
57284722 1679776510
794325442 1403050814
-512226337 -52961201
866786160 391780498
166429762 -54783857
1526040239 1879659791
393021674 696424491
1543030611 -1315293643
-1740111392 -492320016
807424355 -1018680664
926539749 -1743972480
-876666403 197586038
-1660052833 -55244527
-1795157272 1828193577
1017827061 1595277359
1514698937 1350998434
184395784 2013814273
-246053706 -1508653500
-990475646 1051831951
-684914175 1254382376
-1331561320 -1339869134
-1017537399 -687800075
-433351260 1625894686
1937632604 -755636602
-1559671360 -1616553113
-1076162829 -152032085
208840962 738751901
-1528001179 -1034261247
-328481779 778561004
-887931818 1841051275
-1532880518 -413338398
-1472815253 -797253498
2087635164 -1360971505
830508901 -88693686
-314905242 -1218482929
-306515988 2044770512
807927077 -878141295
1781153642 -538642539
1974144656 -1925462784
-123102788 -1617263693
-1340816811 2043743566
1096177028 -495708647
-1268826042 318617417
2037151980 -1770228719
-929526800 1673894320
1140584259 -810161508
-1419453147 -289342973
1639670456 1771514182
1570726235 -1556336345
1736828222 1387260160
-1696510555 2144944152
-790928081 -903930612
1350031834 -1849890643
430611438 -1602467526
1469705781 490371136
-1287034821 -2006416508
612673430 1711671826
-293888091 -359374221
-364377422 -1827943833
439968135 687805612
-2043123577 1334920632
-400134559 1389703724
1461057489 -1581531680
-426492734 -1250010129
1078310602 1515773540
1194554050 -1293398834
-441827902 433361924
-523582468 2124899514
-88280744 -340851126
-1943275273 -1175546480
-1496022995 2111239825
-1029401301 1899963039
-878570613 1515048894
1072339199 -2046052699
-1545346540 876926985
-81898199 -665298632
894472252 -1055483779
-1584590930 1579729689
2052171099 -1832986972
-558137393 1380315040
-614406912 913477442
-947880276 -71937375
1988382815 -544731973
1594068932 -731357912
727139597 1731734096
970984037 -1511653027
-417427914 998385105
-466835245 2076698231
-550610159 623576613
535993878 -326975577
-855287352 1051080876
-1846334717 1834461958
-1269980454 -1109906416
1426254314 332492799
0 0
0 0
-360499348 -1976701376
-857341232 -1805561581
2091739313 935041512
0 0
-2005594263 1396726966
844606144 -576611822
-1505208929 781115405
38808661 159360766
1529389956 -1881676213
370993989 -112489619
-474039340 -1522019411
-395582064 1597290755
368085917 1924667859
1429329412 -250910596
241519382 673894790
-117148591 1136747297
-2089862320 2123245653
2047277089 964673587
455621291 1586688227
-725967085 773443767
1243170461 1510609429
-1617781858 -416550663
1180802431 243095372
-1303519623 2125867843
620892484 -414819679
689023141 -116357148
1182531167 -286558325
-1287499211 2097145786
307150531 1393618100
-1884131074 1042064544
-96656549 1985257696
1705071771 -989697553
-354665230 1216967662
-366062044 -700437110
-387295611 2121845986
-550281668 -428898257
1371487212 -744119432
1218405621 199415372
1183239981 1880430245
-1784575543 -812153323
-436128048 1839378212
-727485463 796453380
-390474871 -1945329341
1953305277 2067525179
-1500741442 -1201921246
2140693528 -791436683
-1491637889 -901418563
933066903 -1606480256
-268585693 -1741929890
1026438066 -1968385218
1612199895 1495016427
-1429196634 421875467
1505855106 1021874238
895373521 738549122
-396923197 -1910899805
884749132 1218108479
-1304060959 377863782
-1445403233 -2010687791
-1235437336 742796341
289102741 -1192233523
1091299223 -661866720
1586743554 -1792047002
-856398629 -887999026
1995303706 -973957752
1795510159 389469203
-90178535 -1174533485
273041230 1710311516
-1512235835 -1833642204
-2025045630 436574810
-1231878143 -1789414528
-427451775 -1614049527
589410668 778145381
841646759 -1006704357
-1079952377 1913935491
764735793 -1207712724
-759535816 608964206
1948728849 -1455759398
536896798 775254641
-1166733947 497172679
1655749198 -11821288
-1897423447 1294358254
-784687243 -718415171
350913713 -1572973768
-1280886364 2020152956
923057817 492439159
-1354666884 1740160233
-2068324298 -1746374300
2126868899 -1727309364
848695030 -1242872612
-146951480 1459835030
925329163 405751591
1571315428 -1206650027
379592713 1355144700
1602612430 -1437428473
415229890 1782220873
889770088 1300100570
-543025194 -1848069838
1667498685 585935894
103352826 -713558563
-1900365979 507755599
-563221804 1112346232
-149666899 1237874165
1047478731 -1928422017
1139614830 -1228814819
1644237404 -773966950
202220710 -1658741997
726425737 1965969065
1141594969 1033292164
1938662126 1874798304
1363630557 -1320523928
-2094218462 -1623244484
1179385923 -1202908768
129281802 -2126019649
1716982620 -1469266702
-229446984 135887895
-1098428520 1107274332
3860317 -1797876678
1927619452 38121740
-488391215 -1720763147
-1195024577 470574971
-546746672 -669501539
-2002058681 -2047654325
553598887 -1235132912
1539110287 345601259
-1208587976 -1493052629
-19431324 2107896605
-192801654 312226809
-945629481 553749913
-146418104 -1428627575
771388762 1475156905
1345414190 916172589
-226399589 704065804
-303132068 -1303141349
-1883181217 196554478
264085041 728046664
-1060372760 -1983102838
-790995473 856802017
1633294337 1809835600
442896631 -1830480671
1245386165 404333169
-46681834 621667958
1348164386 -450807771
-1912813285 1127259723
-170810994 -392601138
1133430222 1408571961
-2054127975 321259726
-79330189 84014734
395813757 623648060
-1248203051 -879275455
-131193788 120820154
760208516 -1267066716
726921819 963271432
-782528364 568940480
-926136448 -810588893
-1942294287 241007003
-1907557625 -1057127372
1244420817 1273348273
-1516233267 443729556
1670460771 839609857
-87494216 2146665732
1401392633 1305967930
1911214050 1172140658
29343753 -2004504328
-222379055 1709043803
93935745 2126530083
783555441 -862048139
1902458099 720330664
2129623819 -611342905
294957447 1553612493
1610893147 69468721
1774991658 922131433
-2126352288 -107690412
-335939114 1639058229
1679193068 1586513735
89711907 -1061398448
1876921385 -571283374
995486641 -1583205237
1864170230 315889782
1644004339 -409183839
-1463121825 370762515
-1531154444 -239037332
283207149 1282793959
1367856491 -74368173
64626247 1285886610
-647580207 1888173809
-895768064 -470691753
1691757656 587662381
-225454869 -894734868
-305404157 1753628853
1975523875 1587185927
114925627 -729793021
1931242791 1687340604
1034399452 588783590
728196093 970082208
-1453481618 -142904065
1310177388 -862623477
-1467897466 -640263772
1875248510 -1839965329
265577277 142765465
413946064 -1551647583
593506825 2028679622
184872980 1444776146
-129408309 -705523248
1251314067 1324772356
-1628976380 1621034619
-688705225 -765124955
-1694583645 -809646345
556250865 -1282741610
1796576459 1251966119
-719019863 595793734
1501899118 -1668970820
1230577303 -969991591
-119888574 -789056610
1174525267 -335564928
-2132582100 1288476288
-1626235362 514894141
2063479495 -751683331
64065201 349632050
-403591419 770588475
1435142763 1490406144
-1875976799 58269738
-1186438404 165979729
121124345 1749165564
-1699443426 -1441146310
-1611132985 -191869450
1171255381 -669492563
-264923461 159606366
614237469 2131612343
802477742 -918555442
1441400194 1331115774
-2009240399 -434617473
-1883369334 -209685804
605566696 1326547408
612174152 -430078543
-1752501510 1734249746
1098437696 -1654721498
-1525752674 -1912379852
301957917 701576895
-1656809433 1636498781
-1408852889 608290702
-1030441433 2065940649
-1815494643 -1249749116
-1960370556 1046845553
-1487872925 604024118
-1808485710 1464904637
-442360240 30036720
-1046187269 -1623812580
1253663444 -2042145510
-977551723 -181964898
2120734275 -1031669201
-1773162894 1983777011
2052151199 1015411286
349327772 -1165867575
-105120427 -1316032703
1603126903 -688864779
1028724090 -377501640
1761353099 1294591103
-114822006 1006507604
1174708045 517184389
-1925131186 159138483
237210548 -571341028
17561856 1907899510
156428643 -1129628593
-1289908246 -1609637377
-759222087 -791068400
1864703541 1770509390
-1042689501 -1228013172
1796145126 1960311543
866396951 1376068226
-282986505 -1131146602
2017978327 -1882183064
432809650 626969167
201275717 -1611769536
-882909036 -997264791
367114787 -245819389
-958246236 554238841
-633328637 2131225692
647895133 -1568378097
641384996 -19500506
1340920724 1103079775
-840312587 -2086821450
-1964462377 -297154830
-1943506973 -2132418239
-676289888 1797703007
2062055278 732368785
962938504 -584836549
-769580364 604063590
-278494795 -979244876
-2050116076 1766456853
964306097 -2130030687
512494262 -160434350
-121246792 1312072615
-141973610 1692907890
-1558773556 471521047
-1879906144 1394261360
-1367939035 918933754
-647960913 42470038
-636366406 1466191659
1567984676 167764170
-1740255634 -1314936168
-2037585530 394780399
-869219891 -2024623556
-716445941 -129075745
-713811506 -210484173
-585229809 1907124704
-172521580 809154370
-353194519 -109557841
-1555492425 1772140765
-1765466937 1755264634
261686228 -804635679
-36507086 -1540104490
1156619228 -960875043
-608555630 -643106678
-1335554531 -1846141577
-8160631 -1184272437
-1549919915 2092680770
-139166109 -1729940525
134864007 1689229584
0 0
0 0
743899930 -583412664
-598204318 -1372003984
1964516419 1806233989
-1353082500 -1084201664
819221531 -1679088196
1819066962 1930104950
-291247964 -1738927958
-129968514 -1590127351
429530991 199760526
253578096 -89982398
-137215050 1959420325
-1083396874 920231825
-697360736 1145490520
-219893588 66661835
-1990261641 1574894952
693734215 265047798
-1488319396 -353852068
-1172699702 1500172315
1541510314 682506659
-1939670485 1707923409
1625967879 -520757030
620960190 1891933899
-1877074363 -241208798
-987206744 2036759593
-957163054 -484098964
197989916 -1239165130
-1604651265 1333211180
1597154948 427073183
-1929080147 1334163296
-1539530835 -1584567374
-774712200 1536603147
-1484929607 -1193689511
-334140745 -241875079
-1248579547 -2140274337
567297230 -1414861757
-213896762 -1114897466
50254549 -659885455
2004040669 1829030151
-18154607 1119197648
-704167523 -675168748
1597623359 782287364
1070473598 2082136257
-679218207 1803893229
-2120214363 1366681521
1629368948 -1512000186
210951039 -1544386223
-857880217 1506759513
2075947120 -273993147
861546491 96034021
486460037 1695318641
1692107369 -740746498
-496710196 -1414157064
857684141 -1035859838
-445515417 -919621132
-2110868324 -1452779441
-216989106 -958068610
-2004132824 1423337942
1232377073 -1128617205
-667986358 2084814632
-334671544 2129233738
-222838998 -1885779371
448355860 -311748991
122804921 -489057898
172978030 2123721771
-547071267 2068893413
1587550913 415460442
760632919 1009301925
-2053161737 -1067699459
-114261372 -893427468
668325564 1070907359
782604764 -1328663677
-833157421 -1738935906
-1853323602 -273410751
-31237646 -1474529560
687229041 1622513400
-556450687 -1081265345
-2100026689 -957563483
-466394895 -559773820
1402915327 942337242
-383781847 1838354503
1072100317 -1272158111
1324669352 -1410626804
0 0
0 0
-1342582000 261307063
286259054 -509443988
1138899277 539791156
1407470622 -52288988
406712166 -359115893
933925958 803439081
-901826502 731150760
-1498894109 -771349931
1044009021 1436823044
-1721065587 636708680
-128247265 -1446160928
1281312569 892455196
1194048876 -1771263246
314663311 -896078290
1904868903 51078344
1619320572 198293759
1288124387 900766346
-2112448214 -173849863
-1293052028 1799370066
1313631069 512249948
2078389614 1497974043
-2021078024 1947156945
317842771 -258892764
1273089589 573474805
-164268090 -1026957516
2145796940 -639973267
-237034550 -545410058
-1996759568 -1404285425
712639497 -1514889454
-571963473 -1724008259
1454952137 104644734
5447950 -1429091618
202130222 -110706520
-2104436341 -779533899
766110726 1202191560
-1714749212 1262461066
595689879 -789964404
579022384 -8509792
1019899853 52956066
1935786566 1595595839
-69193678 -1629194105
-1426969391 -428595883
-1315969593 -1228297156
-1224546336 -1098187152
-1663430406 -385266094
-2028100628 -1983457865
588467996 1670522609
1936301035 387370955
1799264929 -1913544778
207588177 89167539
1680954165 -278510709
-414470318 1019275561
2058494174 1532733376
-855241292 -1850390627
417443789 -134725714
-205072831 1083408389
-327958596 2139037877
-708350482 -152505045
-1533263938 1567960979
317375557 1096148624
-262951119 -1369211958
1884630467 -229238448
648213568 507997170
182704412 264594199
-2125655029 1136178835
-1779268498 -1343329824
-241714845 1553651071
-1333610859 758360204
-864722352 644263632
-37962788 411493412
1443751566 -1724000467
384789275 1999709334
-697834707 594507973
-1662252709 -1592205919
-1010965842 719828655
-1657504098 303538498
1263127298 1882062275
1792906939 -317083703
-611971102 109154773
-1990358512 -1144014872
-1222515174 974397511
1938337506 -661385255
-1375675136 -584390814
-1502725267 -1450999075
-237104130 1205090080
2043128628 503713730
-91349377 608498420
1579042707 -1940399453
2123968888 -1356556260
1044579237 785528280
1946779710 1057019520
-1694134945 -1185833879
941675436 -902862559
-106642913 -23476292
-1744612035 1751884383
607577998 -2067862637
-1971505405 -592792804
-655993944 -941165241
1356533937 156579216
-89896722 667391160
390117445 1429382432
-195663292 827135476
1098836743 882918199
1690406841 -671639595
288918337 -1427704308
644910541 418944845
-7408597 1493624662
-114412710 -875752553
-807564897 1871120654
589952236 -1769297690
824689779 -2038649676
499033503 2097011281
1722293921 -562670616
1744061120 517439143
-370239830 218284162
1220589887 798717678
-441771974 566214584
-935867943 1790591380
-71173337 -1467074595
1391745634 -472767098
-852415080 -768621896
859806706 -1228190330
1950188915 -432255562
0 0
-1561432528 189100099
-634081478 357022810
-257399898 327602275
0 0
-1561775024 -685639241
455411483 -2053417112
1823141519 515699050
388125859 -53688951
281698692 -14578500
1387411376 1173816030
-100064077 -345268596
833346935 1890550443
-1304346756 -1483405838
326866037 -1839252969
472630645 -1977419286
1971939380 382363337
411296664 177355347
-972454578 -17777424
-1301117387 -1901996435
1786547551 -1638159620
1702776009 -178953288
-1114257882 -1770288651
-1137035558 -1277191401
929408330 998599
-1912334546 -1744043177
-612576612 -683691857
525695525 -1376527527
0 0
897523323 670499966
-1778344600 -1522460903
559599718 2073473852
1031373073 1653439298
1046594705 -498602635
-425375625 816134630
2025911109 -501880212
268318834 983154287
-1556113665 671252743
-272308405 1565639395
573202064 -1926132286
564019535 523846412
-429783095 -1469463746
640071991 -433943441
-1970969201 -887725369
805632310 810722618
1265424599 1656561439
-764635625 -1768419342
412164627 -86752608
-501883031 334299698
-35689529 -127289904
-596610738 1127277858
1977769421 396631883
50984867 -1991963107
826285577 1315631512
1951681348 -1853643067
-1112448023 -1210616346
-1366547288 -522730567
906352873 -564570598
-1076012701 271086976
-1374665418 1437618575
55503573 1558678134
-38076501 -1727209005
2109502382 -674155382
-1774466832 -1227843963
-718783457 -1741291731
-731755254 -1540057917
1352127649 1355907941
-170686787 1649226534
-1566456827 13184531
1093008740 1009300435
1370612736 989737904
-1082683760 39007462
224213796 1270997333
175870775 -224352890
1314696127 -1965784506
-1387763749 -709179920
-294131923 -144353714
