4 10 2 1010
-239528811 -1119536191 
-769856636 1981148676
-1452891833 246701273
1162888600 -1271685653
1493318160 -897446470
-1456296881 774893672
-1385539611 -617076387
-2023148723 -607119885
1426317064 -896678420
692047296 1193260294
201379070 1889483273
-549261355 -108127058
-1264170539 1023574064
1913473018 -1791924071
929856835 -935535603
1785738367 -890130575
-121942322 -288606664
1828586445 259077221
528799059 -524439922
897901573 -465810269
2093086001 156289358
962205261 1027994354
2013412735 244706875
1593474540 -746073432
-364412508 2074988736
-246510148 1816060406
-288637002 40139980
-1316090735 275873425
1245410764 -1361675430
1257253801 1940273298
-88921920 -2147279636
-1150649815 -2029925075
-1855304157 -526596760
-121591105 -2138692532
1498296367 -103664547
-212242692 -1245145067
-2079828681 -51898604
1064242987 -102247967
366479442 -2045056133
899003662 877408344
1873934786 -534473854
1707821094 1904109680
748199245 2117622857
1924480865 942557691
-1925257920 -1558813716
-120742306 -1311219983
-1874809296 -943703703
-383091020 1443633338
220295332 741127121
-1454897074 1556835571
387197858 -1064477641
2127858913 -118819190
-578011152 -1797931754
-683544364 -1160165042
-1657486655 -1229182579
-2145424488 1092022785
-482979979 -1999075316
-701411341 1448803937
658295177 1528711302
-1386867927 -1568909112
-1554031486 -1597050569
-1234766714 -144618884
-700652075 1332646382
1490066157 885002122
-1914754335 -875574713
421013992 -699449817
-1628745394 1548242903
273120383 1473555714
-1372322793 -1795505508
616693679 1851670088
979121469 1142558296
1718398848 128143346
1770909981 192214045
-1669548572 1522671051
903529709 -622422666
-972157307 1845106658
635571080 330043659
-1339017024 -803054738
-1977920842 11777106
-1720422413 -1917358237
-1077166340 1429743837
-328805096 1296293907
1526395985 555904994
-1822738420 952795998
1715715100 946647261
402048552 551664808
-342061785 1388645958
1556034740 -2052631364
1545239717 381963756
1935835589 1878419156
-1834973713 -362093025
-1521724743 -2056068157
-1602995895 -1381693354
2096108152 -1645285140
-357536148 -251178841
416948413 506657563
-1023954647 1276558355
1856759367 1333166548
701424036 -1277473960
-1851604882 -265098603
1256613828 854805311
-340005111 116749996
-1239354748 -2088989772
2130100436 1364524615
1454624418 533231950
355585923 -1816589118
-2108436313 -808004359
-1117131052 1569933560
1003521551 988906711
-882749265 -233135702
1730389092 1325067552
-1883423107 -21733177
-946788860 -9191556
1321129477 -461738276
231294819 898148422
361270584 1860042196
1093952144 -65595638
-737735812 -507316385
-1576911313 1991670246
1086931939 -38988273
189778291 375955322
-1344141900 -552064845
-191102484 -1247952579
-1204270449 2060062943
-74644986 33897759
-628369634 2105602152
-1506029587 1382925699
-364230296 -745709063
-2073914739 246428058
177595894 1527557640
441922230 889497265
941584137 2080603796
1190715262 -284007186
-1248846167 -336068802
924308731 -709233357
-2047212324 748923993
-2037013619 -1906802058
-917985220 833320800
1555986927 931161096
-862090857 1878853899
1811104281 -782510326
1377970521 703547193
1749908506 -2113329633
-514032248 591908815
1224542995 202079187
-66239690 -997884497
794871925 -829693642
-260564519 -1058576251
1149875085 1813905660
-1039609928 100682043
1722741251 -2031442978
-934536450 -366259129
1926417477 -1685204816
574456455 -147890142
-1169016259 -2096272306
434454008 -89985430
311841041 1563134165
-141288847 -1612071913
982829506 986663466
-1498502542 1194603578
1813267859 -967158936
-2026145455 -717550092
1715644564 970255829
230650712 -1081595125
122025613 1447132430
-1639852755 1057368371
-900913842 434163581
-1010934964 779339233
413330626 -225083909
-621516432 -133629148
2080890423 855415581
995643017 -1015747315
0 0
520450227 -1152066303
-1476109053 142705583
845975816 734510950
2124668125 2025618334
-179504698 811086175
1895180593 -1180969219
1823648938 1758864885
744753838 159618030
-835290556 412378433
-1250491004 -322343543
1241860945 1025888751
-1651297462 -1494298957
8480972 1329359356
1677348601 730701418
-219422155 -694175245
717524044 352046246
1364625219 -1927316004
2126405629 237096801
-1997498670 -124293287
-172717377 17246483
-441998145 -34660888
1341188718 355263666
-687975612 -424709971
1585570847 1880859408
199749156 240885181
1126480269 -1457765213
-1575450295 1515975129
-176637072 -36580638
-1300657236 -875999789
560502448 -1583512968
-1524809487 -140141313
757282820 -1396895384
-283028439 -1681279573
-1173165309 1091237308
-87364336 -1471696326
1892921985 586742834
-105248706 -1210902719
712332052 590968052
342821279 333722804
1182236056 -1746900142
-550427851 1726369737
474560942 562619801
614204667 631105398
-281699817 -1770690474
593245886 -382923265
370294937 1156528685
908297555 -297551304
-1095579392 83097652
-200088449 -1319658232
1128219661 475918667
-480824347 -517367095
-1130745064 1116028980
1718636024 1279858489
-822652213 1545016748
138427507 1687528561
-1814285265 -167048461
1311018276 827047885
613052291 1660343467
991855687 -1348433276
1338485744 1617253027
-527448508 176113060
-88811414 339997840
1639333729 968658022
1032863409 -526898171
883467619 -1298152364
804779767 -1767956827
1777884366 1864368593
-1031533 1489618173
714958687 -1176036670
-1318560406 1916506643
-77205047 -818828817
-1283874021 916620269
-346282417 1010576737
526776575 -843327744
1412553883 307975612
-1420610479 -708720945
1474315561 162456302
-1954242812 -1231415004
-623764018 -723326485
-482700099 312528035
584125760 72299913
-888760104 -1903806876
1885450069 1290803029
-1020809571 373551004
-1375980609 -1814683788
1558914285 1766691965
-664256564 -588292795
653276048 1037682449
-377187235 1870929467
614318943 -775943567
88819528 1641607376
-1072040180 -1102095853
584897260 1211701020
-938967841 1489760333
-1601932612 -603636721
-959042315 963978768
-1503867737 -674594052
-605071320 -349768757
1088265334 684895071
-747841542 -1053146988
1410636083 1672285196
-1789025020 -1279291129
2135803858 -571502972
1652419126 -4388320
1888157261 55727886
-807100484 -35701088
-923766754 -1414535249
0 0
412881558 1201925983
852270453 -1817385174
-2096892648 -1041700608
615415559 1662957738
1345529198 -1508993211
1445811256 659551637
478235366 58381768
-1947650786 146105343
-742908380 414941261
-1906565692 -584244563
-1255445629 2100679356
-1987538715 846885296
1669637703 -512172603
-1608640 406482004
-793832867 2131118669
-1260734051 105060374
778264244 627301880
-78521714 -77715437
1629880306 478622988
-1355190367 -68064937
428441731 -562103367
-1842321492 827258371
309522178 -1835346754
1310101395 -1028695094
788980637 -807301474
250739056 -464704374
-1244599762 2121009955
0 0
-986305234 -2087952931
-993710251 380930848
1109281113 -518364460
1415518226 -358983101
868688437 -848709686
-1323965656 -737595707
-2022301563 1393542451
23288193 1981338666
-1778533407 -1621937972
336094428 238906334
488843897 1597924539
-441143676 712465019
-1331485799 -271389786
1325559123 1422066174
-1910474256 1716612110
-1785489203 -678023908
883887430 -1882826436
-1229084490 945266360
1472063062 1704571337
-171292296 950136043
693581851 1655987230
342214298 -1447942539
-1576407620 -1351686152
1773732354 360045252
-2058324519 -297855469
144111596 -1196630167
-753597817 -602115176
-546356473 1562185647
-351218650 1347390758
1903378996 -498889091
456553894 1089591887
-267366074 1510138582
814272905 1926029857
-111329969 -295248063
1179263104 754125562
0 0
-6181953 674423058
-2020378347 -1812700179
1124550565 -103962817
1048063568 -1186111702
-1766419266 2065988628
2065828822 -1836859096
453383084 -1486619338
1168412154 -422861322
1225056873 1792905472
1131366076 -1405111356
107984577 -748489748
-10200873 -1137226810
-1059909517 260233019
-984224385 -579536134
841530980 585936592
-1904090935 1395834699
334049124 730274720
-1742949896 933805391
-1701641521 1237103829
-2069324607 -24406060
-881720233 -2000554518
1938286648 332079570
859055265 -1173940794
-893784578 -80265159
1098297760 746150938
-2084070373 -2089196995
-1215654552 448748787
127603293 -2057089668
-1968278908 -1086964517
-414830208 -1090514610
-1945212454 -569166930
884354678 -213712988
374750233 -285795486
2048692475 2094935014
-1013024442 -1772925244
-8969414 -264582744
-104642505 1548554679
1247691940 1735290235
577609866 -2078898194
508223667 -452777424
-2071973654 1331188153
1835945316 -563495478
-956628256 601320234
1877665925 808254525
1636961486 -1679646804
-157175880 -1433176380
1567112129 807725197
-1440319284 683544512
-977851288 380091123
764359212 -573532711
1953607473 -113630859
-1449979115 1383192558
-631945765 -980167291
-674166770 1547550514
-1217915654 -812537980
-1957668477 -205763163
462863390 -499541157
-579377959 -15998344
2046903401 1818754426
1522950060 -1217404808
-287486154 637368660
1973183677 203029709
782343126 1523228764
1964072115 244092106
-1137428938 526309002
-1455096782 -961550853
-60682783 1720910594
-1982720689 -810697696
2008147624 -737914671
719451630 -1553334679
1603841355 -192171705
933449704 -1371695855
1929067780 1546247089
134345643 -778094122
-926404792 1977538377
-45737289 -984910
-1803316785 -315780396
137486630 -1448676246
1205285436 -602230121
-1211095206 1152721935
1862927002 1692143963
-1318034201 -1405320625
-1565102699 -1294002255
-1549000051 1110282906
1763081218 445372690
1819468521 1594579324
385673261 1018969063
-239066105 -1206703160
-1792018179 374608513
2023892258 372079479
136786149 -1007219772
-144224714 443700066
-1802928177 -470365974
1117361982 190551205
-311308534 115284025
-1373134639 2107236849
-428925726 -1756961971
2021570875 -1830528428
864392962 -1292787190
1916200404 -1546920171
420381333 -1800345953
241662971 -1045269308
147752424 1667854299
637137903 1179654632
-2090243045 -1221277845
-1168799823 -1835765488
-115161739 -1523554440
-1283678470 174270344
1554024663 858452721
-1515948650 -2062771765
1966095261 -1584986849
957595972 -1199480509
-237690283 780043556
-226557421 1647293169
1158222111 1837979216
-670389599 -1049009823
621290688 2088590531
425036713 -1661417952
-992683264 1817403527
-1958554382 1234611304
495722672 -756612817
-514966307 -1621374419
-1087625213 182862596
1308333943 982172641
-2496542 -1231475281
-373992225 1035699269
-1384795678 -1662706407
835907897 -1620843275
1331039216 540111632
1151749199 -993184974
1003196425 -1333182731
1284106303 1295927771
-1126712691 1874645799
2039950186 1752206175
940629272 432900148
-854214070 1434768372
1697539490 1726588001
-758831812 1855899719
-1693340323 1326169586
1677012715 1189977052
-946651542 1278189895
-1632040814 1432687533
-1140843348 -998486722
1804754239 -1321583557
-1672662399 -1309831099
-901138023 -1025210794
1577316298 -212323745
280430060 1247413721
1932096774 2081956313
-953754078 49439598
-195485002 -402247114
1900165332 2011520876
676378118 1017165979
-1743417325 -1617345842
1093505097 -1033113341
1461260899 1638096095
1427988206 1067699081
855622061 1520348710
-848669272 -215012155
622891882 216217754
-289307584 1056738367
748723913 519292392
-2129881349 -34807731
-2106074833 2056851110
351295033 -1361538461
411941874 -284507097
286762931 -1550007506
1665648289 -2101878102
-1778904662 -1023344778
936533851 64571506
628724140 -1039375260
-1881654658 297038420
-625231129 -1796705881
-1072879935 -1270848096
0 0
0 0
-2106527194 1066382031
-1668908439 514505285
-1477189862 955558458
-1943040403 -521571407
969935371 -198587118
262587678 -108052110
-708127059 1139687531
-991686056 1431286488
1876528769 -1337025649
1393859910 780542323
1537453281 444858623
2084331842 -1544031357
1343645427 -633208980
2068385819 -1162946318
-880754119 1979716776
424793246 -1930162865
-399203762 -1445793554
659955933 -860939181
1266517920 1394391540
-1776750588 952533315
1065637825 1350315872
-1508840466 1099491356
2096234175 -2093112301
-137664400 1390690431
-489564304 302115353
-1786767112 -167258798
1156610498 204697501
-1586235935 -423309681
-1407665521 -1569514063
1484783891 -374876853
1173797442 1492401407
1337819277 -1867860335
-784263760 1450638063
-329777136 -38147129
-1102878942 -831138923
-290465051 -1865252317
-751074063 -1767227896
479416579 1404592928
1731943400 -1716949361
-1918208252 1136651169
-44841790 -1286478637
-1936442718 -1347215560
-1939831932 402390291
-438965078 -1478235420
499850238 -2012453709
-388803882 1432202317
448689435 -1639218233
1958765975 -1526488669
551486858 -89665647
160580392 -1893255146
-778054965 -20776113
863231934 -2132938245
-807642325 721476724
-666925195 -15607316
-716543726 -1774627551
1219749137 -1606210561
1425219761 471261201
1835230303 1674389555
40553716 -1132842082
0 0
818535040 -388274325
2122456933 -1074146412
-449090102 -1242473903
389978520 -927298200
2014979330 -1753835555
-354177524 1837845581
1474911650 -119337735
1702416556 1025882813
-1588172222 1589180427
-814041272 301765444
178525182 -1592405185
1216033968 -1792880177
-916384580 -1826846761
-1879601989 985245730
1137377347 -2061419325
101138984 -972098797
177024283 -442087515
1808926487 -1597419638
1312738549 -1302751589
-2105841874 -1698472366
371331073 347385281
-1357329324 691318985
-104669583 1292181427
-896213196 1293200785
-617990597 -525021321
-1095807695 -28246084
1242914629 -1205435062
-426570835 1569525187
300507359 -400053035
-1500933279 36557828
1854115709 1962312179
1891418193 -291514252
305252449 -523799198
-467667179 2131550657
1474287690 528762261
-1112723409 267984434
-37407141 2142108287
-643546416 119968696
-273421500 147930898
-472770672 959809181
-2129255204 1594803274
-1190926354 -590895462
-1443716880 -1999208092
-19108093 -1235434462
1383750108 1516753849
640587296 -2010604015
-1335872625 -1961027337
1990500028 1195665341
1976452028 -1553345516
-950514617 398857794
2002150819 -630104706
0 0
225912647 664779935
-338927393 667669714
577605310 -2083412353
100059901 968303659
-273379040 -742124825
-1032836381 1370979442
1354943220 -1185903767
-60460659 3834549
1094851758 55494940
1874177898 -1481133969
-1215218026 -567422119
513591225 -425198928
-637483208 1984046973
-1854494259 -115671377
1102132388 -66362932
2139824067 1570005564
1916934330 -1833857783
-1299378054 -1748614711
615026844 629382275
-654381755 -302668146
-320218073 -2026266259
-228356461 65042654
695308789 -1451347284
-1027823547 1444925671
-300530279 1854909716
586026306 -581639173
-262473628 -1655792217
-1041792920 -2092250519
1654680111 -1482728333
584036747 698184582
444464014 -1583693712
1965899800 159191802
-776136280 246607021
-371860506 -1374974462
-279662 -1820363702
-2075956840 -448347967
1609565284 372600714
-24232817 1800549764
-968631941 -450604042
-1465900982 -2092535607
-1432894121 21465448
1593284957 -1996203040
1331381837 -243384421
963901979 -517849582
182760244 225364980
855467368 -2102303962
454560045 -1865186477
-1314215219 -974520107
-745679231 -857937565
1298007594 963432255
-846450590 47828968
-1746382875 -596330221
-609217977 461301616
1324375731 -1910752667
1429110462 -1139405785
2071297695 -862531877
-1603777110 -1051180670
1655454013 1127341073
-1581033986 -1253315703
-1949966282 -785081154
-463215404 1726688511
-1391836250 -929193199
-882658760 -347990273
-674294185 -1352228679
-580388649 1184366052
-2063867146 431043309
-657590452 -1524866752
896554583 -1013126853
-474578869 488008964
319892129 2140414558
-668872412 2008005331
-1203889731 -534954185
1991568260 1912903495
-194859251 502144810
1901226056 700572205
1880450756 -363533411
809535447 -2056056503
-1332584719 -700467691
890699038 1207826787
-775892279 1603904866
-2050847841 1278729332
2146630697 1215649102
1628731717 790181355
-1347970737 1033707023
1069385145 -1232424992
-1827114062 901290958
-1121146318 -2061306543
-469207248 1795676913
1686292116 209951951
-441134217 -95764011
412549970 1555732162
-57009851 1347126149
228974539 1434978538
-1011612741 -1438131423
1664852739 2031927755
-1699509364 -1915043156
1694685729 -131993656
1494346323 562427110
-475763933 -1818375819
-2145677006 -1745877254
2048195478 -1542530501
2113433617 347246791
-887021293 -1547248501
0 0
1536132906 1093677602
125565117 1905989000
2041364271 621704157
30691647 -259592476
-653357167 1538465315
-1386414792 -1825927389
902522457 927466600
234622739 1523673686
-700530641 -903003922
1141475111 1735926495
1337496523 -1257631917
801786787 -86732241
-1361540560 502219244
-1327946298 -1086591710
-823054237 1228629134
393317291 -1795871574
416917883 1362184071
-255424634 -1963906430
767744219 -1915390503
-916361628 -951836483
2110957610 1311276291
-1115229253 -272426791
1089657785 -787400412
-2033942514 1642748358
21982948 -221621454
-1549779432 227420734
1570950949 -1732000529
-1981565999 1495361380
-572405463 -1444725707
-623787018 2076150385
-533573964 -763721148
-204411897 -928860408
989658156 1060495169
425829110 600162963
161567191 163334169
1234746832 -65929251
-832485663 2122735497
-2029895819 -483029962
-1161764431 1549596844
-2113488763 1303945010
552327830 923741983
-1171834053 -166269634
-1863219312 -615569669
55553114 663277496
-1839791425 -1747290769
-277224957 29047594
1404575358 1474374230
863385096 1116394311
1677466218 -1194991936
1401122926 837423693
-1017153337 391948962
1709939850 -556863026
791192351 -1770960392
-1695207518 -449797654
1889829081 -1843465481
1626253450 -1201579903
1386036404 1978858755
-475914256 -1501359615
-2106758413 -1997158227
1322474347 -1370406967
1292512960 -2063690669
-380769826 -1610471446
272103770 -609875441
-383144521 654536276
334569002 -1744932082
138471769 1668424503
-1659119689 -132801686
1759818543 1592235262
-187556934 1510220771
2028255599 844673955
-1290341563 104306913
-1689796591 -1212089102
1302968153 -1079352190
-192068541 -2136513575
199559559 -826325067
738334353 1813497500
353841313 -1420540616
1344191418 -529839963
-595428076 -1337412372
-809380730 1176402737
589158455 282806996
2118247 150675697
-1142621742 -469434384
1524746841 -526535694
1778911166 1681961725
2033157117 328349672
1723164716 -1407471284
2110705160 1020825032
-1310744791 1178319322
-649007843 754982292
866192895 -1190982576
-1757556335 -1014635117
-1455586160 1522541438
1947645229 1072034171
-1333031846 1184758537
-1520012749 -2017895858
727701194 -405265362
1081211877 -1972880981
2141274817 378667349
0 0
-568287580 -1834004192
-1218958023 1725876047
460320774 256055238
265676222 -140781806
1956124103 1831862615
1912433832 -1408628974
-1270109756 695556943
-1721427812 -809722189
1318551700 217165296
682370717 -1228871344
1521028559 1468642492
1455024028 353191843
-229612677 -1262347691
1961023309 53377175
2006102866 -446420540
-2085776540 -219242126
-1375642731 1056073087
-1568431997 72355000
-1865477011 433674449
-1448832561 -642423411
-559217896 352724202
-1589652566 1117270358
-493292323 -528769193
-1513422498 -51241206
-1570942893 -691499381
-1575729168 1955145878
1106919036 1404887821
478565588 -455391584
1480535690 436546488
1418139778 1971364279
-2044029975 -1776380177
-285876810 -124179775
1513977716 -928665157
231310216 -835693601
-1136102127 -715292975
-1835356909 1222739988
-1836261144 1057588715
-625895244 1517833096
-405300114 -879854275
721007988 -572487529
-1854773501 1027662971
104417040 -360105427
151048373 -998212906
-1128495405 -186422073
490294728 -2112748877
380141409 -102583853
738387759 -2096596118
-621440543 -1953102183
464066178 1088790480
1392539499 2041914368
-4154543 66552321
-1883902536 723550316
-1243437640 985143873
388853527 -508223856
503690834 -425446472
1054447088 1739898612
1258559872 584994551
-1688632644 812153390
1885621343 -1876345167
1529630991 1544610029
1058611934 706049558
798975301 1083780528
1127326265 -1621995897
-615021245 130735581
13322984 -131510803
-288378494 -481352189
116265396 1731861631
1706993012 -1303929495
-106158802 824523863
-1468739434 182350284
1122390128 1034244911
-1721825915 58584275
307484303 -1950397722
-2032131831 991703402
-819536471 -255534234
375342292 1231956323
-1299602373 -576667362
2084957397 2039398780
0 0
0 0
-1527142758 -17808681
-1352562176 1666115641
0 0
0 0
-1570619741 -1694217952
-1341166053 2069789748
-1736591043 -1838007219
-2047849333 -573928413
-1542096412 469831416
233743241 1498166445
146290061 54612723
477777645 1697878834
858947779 300614159
-1890613401 2096214290
-1989606666 1061045416
1622120375 -205817330
1824122874 -2067731440
-1795756453 -1398161874
-1166927 222586908
862704743 -1299939474
-1122448895 -1198141930
-638631066 -1955079809
-666343159 1729461444
-1762182330 1755498145
1439715850 1747960254
-303469582 490276639
-1838545383 -1564917764
-740796733 -1818527716
-1416959747 -1247270925
-1533321693 -1644803918
-1670377984 1417595364
-1141787999 417461941
1747795198 -1510683103
-221989635 44093257
-952092806 857605560
2006046400 1716392900
1927638126 1084847802
-297273405 1227542161
-915050273 -656379390
-798185503 2056025096
812517361 264327796
-1463936890 1638178711
-1371539548 325662702
-70430084 -822088265
1332790344 -123729044
1546539809 2072018133
-383266723 -880510734
-776076362 -1963982667
1607073166 -1866670418
2090052902 -381313297
-1617430224 -926379626
301253804 -916421909
-306515117 1011855980
-1273829193 1104923141
221243466 -310981577
932890033 1832124825
963577185 -2027929276
-1901887416 621261965
-1259160123 -2109156945
-1058507860 958490707
1822047477 -1121006876
-108605384 -663199592
-1854262633 -414956113
-633342162 2140284425
1855314592 278662884
1663771292 623024454
776713628 1530263854
1497065450 35374449
809440921 -1944986218
262067285 32653481
-1016862026 -1845674985
501768123 1229498754
-363519082 -1436724151
-745980547 -628165015
372079795 1685000163
-486644426 -2128882559
214892502 -1906761934
-869027336 112284588
-248446900 2024375616
837469221 424490561
-1872191710 200932149
740760353 -127376168
1890372223 2063707828
-719305679 -168764209
-740142707 42603788
368323614 876851576
347768250 -1980970894
-1612282526 259123960
-1028668511 955697379
1591076662 -2002299160
1960766482 -2054132539
334516945 -19491694
1836632991 1418437220
-1580587315 -1578222327
480417585 -380958606
-268533382 -403316901
-65718057 77633690
-346861621 966468187
-1958967194 -1774505859
210716288 -1356762136
510156069 175379997
-5336801 -239932224
425408106 1655431820
-114368412 -1151224140
1855008675 906612690
1818314685 -277768703
-1286051563 -1639996261
-1615992176 -1178864996
