4 10 2 1012
1742111533 -1414862159 
526252190 -337328787
862314956 -396810585
-1250208595 -644862600
-381966511 199270665
819900333 1686992097
1368056975 994076352
-1857560464 -282002391
-1440919512 1876810526
109339751 -134836983
-610303505 1182069629
-1271747274 1872203660
-537506022 157633181
-1523650288 -266924476
2088970275 1705125731
-1065667538 -492473254
-43680968 -278472108
1011460544 -1846948255
-483867620 225778104
649553114 380390101
655642274 -1218822219
-894884024 1911402010
609859993 -48816212
983714386 2029293582
1598710372 -1460174225
552687217 453612052
175484757 -1593249865
813417013 410857251
1750405186 -914417072
1746588839 1410309680
-1090998505 184562340
-946109823 -572938027
1642828033 1155909357
119111714 797400318
1773481576 -129706551
-1588184030 1481892258
1383433004 -2084944205
1902513066 1285146836
-1905501431 -640268761
2043515198 -1961414482
56476533 546506093
-1942738793 1694648921
-1732997019 1654503163
-1072642807 2011772256
658594646 1140786116
1036017278 1030942902
-345082304 -815585968
698819313 1822052269
944589220 96577226
116691884 -1070665731
-1756358590 1055055341
1772601708 -223210589
323351823 1926257925
1540704711 154967782
-1053551252 -1390617589
318340386 606172713
-777244862 -331283250
1553850678 -1543347180
494776615 1160597670
667525887 1873117960
2052853161 -1911258924
1876520500 -1790036715
-449966554 329718722
48059212 1553945451
745724229 -1741454165
112391099 -1797953434
628143753 -272612822
-1395919010 -1844808695
-1073548490 -1190315172
933461193 -949775775
1928279719 -1639811619
-1444839137 -1596529594
-1918640764 667071513
-183464451 -1831903469
-50521064 -403709579
2134956954 1837494534
1136467221 -1790047312
-101744750 1509538572
1232453591 -1662708905
375963383 1446432590
1918142962 595668252
2076560750 1885170231
491725948 106941806
1854539724 -1312980061
969399526 1960222582
-1899357428 1646285020
1923123602 -637760182
-1748223536 1468848276
-1802714408 -1199509399
-1741087340 -787278102
-138685854 -1661961206
1504678957 -155031158
604533549 70758985
2055477246 -113487843
723472718 668433127
0 0
0 0
-1012113379 -1946209244
-1631209807 1540441572
494048940 112531590
1484027866 120740339
378808947 -1155128657
1535453217 1193473418
588562212 -1134463341
-370283857 1983823277
357678785 851098277
-1675716496 -475125052
-1796735990 1308782340
-946082041 -525704102
1327403977 1882552244
372834369 -586131751
-692772549 67394548
586770386 855372158
2007931096 1048714609
-1951347297 -2053490636
25611812 1566639645
-1149987710 1444762358
-1199092904 981226501
-1239600107 732715087
721771813 -251548922
1253682021 1461426611
-1892478110 793370962
-1184672720 890009529
213428433 1896848388
-836827944 568495648
464949095 952500050
470746749 1814775214
-2086255555 -300362346
-1835587280 -1467727950
-491481905 -2083538033
-225924432 -1557562250
-777051214 1765478687
-1516339454 -1403258514
621635584 1063027521
-2106970412 -938940662
166412171 -290179451
-1612053623 1936688891
-1732689108 279679252
1078448739 1013157484
-394721521 731447926
171638513 -1406698948
-1774017956 -2114217735
1147543345 1943939683
806286287 -70116136
-1223650920 1867638983
-1547352482 -119148137
2107010358 -2074360253
-200316688 28375278
-1236800875 1787351464
-638090669 -700440443
-539018651 1443284948
-872708841 -807520601
-248926168 -1252782178
-1544425800 1291659638
35029712 1932010616
-1930036693 -357004329
115814842 927446847
-1796260977 1020429508
113851241 -2058311752
-1659142316 1455368208
-433539469 671243773
15532965 -137306931
-138123890 488745885
-1243093861 -643983030
694287207 -938934300
-1921733056 28198081
-620720803 862606568
1642500223 990517005
104190373 1571752941
-1501164897 2032234402
1682563541 148688552
-1377881647 -1118427551
801252254 1403383036
1420819080 -1018470872
-752733148 1357384318
1716346337 -194198859
1789463258 1796883086
440085754 380151593
1813165330 62078757
-2110838849 -1545955932
130229955 90551645
246047305 1754314200
1274900612 -1877956174
-444617611 1389130330
695664378 826071453
-858365292 -585336928
417554167 1961136175
-587255962 -1784519110
-1127960798 -1989848240
1830119776 1984924194
-1907361606 -436839250
-476634839 -480769891
1110622101 87578585
1669171608 143596282
-572922986 1124499739
-308924293 -429549280
445915106 1888857234
1277529555 -269883017
1603740147 -69723418
-1165561629 164690460
-1662205860 866502442
1881190852 -1871558988
1120583806 -1073276066
-910227564 -1388202751
0 0
-1853491198 -1824418543
1100483737 1709717370
132296508 1411892330
-1325887591 1461191746
-1856039236 -2054241846
974293405 -223921731
-1148422618 2086155795
-935302064 -970217499
-712310254 2105983538
1592591062 -1796718926
1334406983 1938903243
-2091570629 -290251347
-146768558 -31542842
1459653415 1438136828
439873231 -1683316266
-976178136 -730853274
-1586421711 166730568
-445917319 -1537112175
-1300314965 -1717727776
-1793375389 -1471750330
2065416258 1617946617
1564219876 2023073676
736553187 734767858
-1051755698 -1677392354
67190013 -1699842062
1913066146 -1674094062
-1982639052 1152237943
-620628172 497193655
18594770 -981794434
-168683534 -2121082662
1634252934 -244796968
337806722 669838485
1825148621 692953151
-911489960 1461624649
-486717709 1058225006
1116891016 -1159810189
1746430260 -1977269825
-1231894552 -1899879840
361986171 231205173
1418238372 -1192425515
1342766735 -201522931
-1403482630 953422242
1381594746 746350735
904386240 938073533
-204001887 -1387474216
1843634591 -717592331
1642640882 -1913528285
386316854 -1599004225
-60173173 800479278
-597217120 -1970182382
838911921 -1299632411
90634662 -1322014355
1839810059 -1518602419
-403199176 1219399771
1607732094 957025942
-152695323 -1319439517
1187167665 649249113
-1334978214 1541874260
483842418 -600682966
-1017501568 954941041
-842889093 -2020639297
-71064742 146731399
-387287497 194124898
-765197888 -1187093636
-1331687210 963884459
244569552 1148912085
-1296375043 -1225401993
-1902705311 -2064232685
-748681413 363759827
-1315160066 -1516618920
-946298204 -1799195498
-2079646271 -1502675110
989388425 2071132020
-912574347 776576160
558623046 -665734785
-574147964 1771100071
84187954 -2112600397
-1212703031 -276610980
706991407 1100904146
-888002413 1248946634
-1033668745 1256791655
325690261 1667272557
-918576306 633170931
-556302939 2091196196
1328668684 -1137518830
737685448 32278151
-100889840 -46410972
-1385955792 -637488058
-236333876 2056063928
-1630544065 1744982867
838164313 -1435046402
-1344564411 -840613175
2011976708 -888847185
-898693694 -1188884091
181274218 285323263
957857909 245125864
-84313871 930549735
-1199500975 242757964
-1333873201 -1718283623
0 0
-141591489 818506219
1045394053 -2062055084
-2100468476 -204468830
202841888 2119866432
-795646946 1393247562
-965160524 -1098370404
0 0
0 0
889516443 1272202211
-544355460 921328492
1154619763 670708198
1099790109 -1502156140
-1843401926 -662866278
1200894703 1867821589
1712661965 -1889087669
-597344024 1271582386
1560758446 -214013663
1358075612 -537269291
1602147622 878136466
-1557097052 -178800234
2010121780 -645054671
-952600360 -1489918863
-1111352130 -2019351945
446567985 976337592
-1819385025 768936339
-621907419 -446908451
-1345836685 -1159252675
-1284576514 531767315
-1614696939 642407117
1307098235 1392533287
-1785768513 -721250833
772560765 1306794801
-367508231 1751438178
-1818866216 2029289884
1621427745 1566532012
1108795430 -49899331
101156941 -777668611
-1179908403 -802289161
-1290471618 459668717
622593955 863289512
-349251676 909017024
913139915 -605395019
227301140 1930568090
665512736 137803324
-1735131719 284175926
-1797617851 373508875
295946965 -1224826489
-59664205 1287119174
1075805790 -1410159589
2069768204 -672708431
1732615772 1124589444
322489033 -1046082863
88356041 1571746912
-1802004923 568861663
883048097 -1970172558
217649102 470506040
1116175012 -2033910599
1835741792 285906064
1334155473 7537909
-1181007083 372605273
-2020652265 -1203326715
-2142646766 313996075
-134673293 -1702516703
822410517 -1372616678
-445035055 258415200
-1346636946 1921707633
1736293143 758105916
1399535701 -1079295151
-961170467 -1175564218
-1781100509 1618853089
-1355497349 1001596202
-868385223 2121345541
1935382956 -1065171237
-758266404 -1709754892
662209897 889392434
286276701 -718503940
-431999632 1793654680
1486214131 -1959546134
-762686373 521481127
1305428850 -1173128496
-1108742737 -407701641
-1960756720 1452031140
2001198224 1758668732
-1252444259 -539562554
970597604 -1325416547
-312677098 -718783909
2055690749 -640663434
-204444488 -39441143
-560615101 1076078674
1245767372 -1683380467
-1882434678 -704573089
-283823464 1772077106
-746077520 -1299572605
1514236640 1865492376
-212119191 769354602
1491904980 -1699434729
674040887 1393027093
1500894770 -1841311621
1381872301 1717421812
-121143619 1633752740
-398882457 -913754276
697494925 -1783261496
-942708165 553904564
2122941092 1143162520
636570539 388595935
2146137953 588654792
-951171300 794437313
854433454 -530761460
2008973289 -1775112609
-1412250984 579759001
505702576 -829233147
1382794364 1149309014
1115348184 -1124790976
334020041 2090504012
-1281152794 -1858186167
467430249 1085961469
-1171768153 741209097
989230711 784508075
-1634683654 -839273195
259870804 419116320
-1468741437 -1719390328
-790281977 -692845336
967220939 967284048
-1834422887 -784809607
-558940180 -505561952
814680241 -2023258576
1649019760 -164318299
1855681329 375043832
1106428879 -540580819
-983127127 937523619
1061807043 -1395089291
837547067 -980467692
1777549920 -2046700678
-783507165 -418220394
-1251413344 -1804725823
1448491271 2087155323
1826422604 -1646839496
601841686 -1855699458
521733299 -91508806
2053012685 -959437105
-1545706920 2118217885
1598471723 -708412681
1577549121 952453766
1090832549 -1354188829
1084146244 -1722847704
-2129206026 1235355989
-1065314508 -1435621661
1171314334 381277055
-121340032 231394644
-622276976 -1872839392
598212098 -687414177
202851133 1285038151
-1540318661 1072923391
430980117 919659012
-1427343391 -733452808
1466253544 399146808
590311618 1023379325
2045354671 1930738949
-648653285 -359081802
1656829021 -795629237
-891738303 1013891546
-973018501 -293913552
199665190 -736930517
1135999131 1551437331
1711264289 -1595433427
1137826071 -1038081353
-1565800243 1153930843
666655262 1099376434
499325801 2060609188
1017217724 -518012883
778186760 -240311837
1925331499 1572208589
-172409020 -46011937
-2144458293 -573418738
-1296035741 1377242146
-1212985835 -1071647613
1935088589 2088436713
-508109329 1121165314
-1671117353 -79987763
1269469684 -1468646648
868359071 -439688211
451619788 432774848
1498765538 1363198039
-1757910172 -680994593
-986595859 -663469365
1906711633 830347548
830920952 1251750610
-679139633 -515331949
711124391 -8686691
-937826626 124481844
908895727 -453605054
-971813500 1044093492
873015257 930655136
461757440 -1225343597
-1514351462 703995970
-2098271573 924280361
1778566511 1164913299
-158942365 380642499
1670433259 -2090243114
1025759480 2623594
-280405677 -260796376
-288735235 1368631768
-278751697 638216742
59563425 446146048
-134239139 -2129429433
853591173 -679205111
1477846807 1138381310
-577407939 202647376
488310726 287701334
-729299273 -1697800122
0 0
0 0
587905587 -1919825384
-626614480 243899970
-2128551316 199392182
1313473488 433019031
689164913 1429525214
1737648910 -326093519
239543070 -17974599
-64660693 1234721270
-1530893680 -1751894678
26669219 134630403
-173822483 -174275492
2046240542 -1232615545
988812914 -1467855945
-289451216 1731646857
2141497669 463251540
1551873377 -551753019
1497408868 -1833759368
180346833 1105192110
-1746989720 364547221
0 0
519801366 295436294
-1059353616 -1746735758
193634045 -676532549
244235064 -2093480042
1846577017 2112786017
-295028738 -95135634
-917866485 1354462024
-1981227671 -71617423
1409904204 -189825122
1405406761 -1616243668
513583843 440589923
-1307717865 -1727348590
-1470327729 -295728500
-588970782 -728525836
1226992910 -1556837332
1853624401 -1755615994
1639548701 2023459709
-73471833 1333381327
-1219677598 -1374406133
-480965331 -691300071
116070711 1344754054
-1668418412 965343679
-2061694962 -1062983707
522992358 1561107208
-208089844 1357405392
597045825 -477440939
-1774410611 35282930
539998945 2138060805
-154297971 782297440
825313257 -2023582424
-1421696111 -806615465
-903186656 -1277801057
1687038528 1915110070
-1922988527 -762933934
-124004625 1537724327
-944763565 968610313
-877328322 -73117676
-1058453645 -1665090205
-956110550 1045149463
-255761073 74473032
-1202858232 -1495555777
712937592 1814729637
401254407 1815478428
-1547637850 454192546
-871161807 448545443
-473500755 1214542444
1829571326 296332920
338029441 -215488336
1671163901 -1414868827
1164251299 -398960902
107558891 1721046965
-2093805924 124575860
1190523768 -148670862
1199296746 -14505222
485773035 1915640352
-585320606 -1715692281
2085548680 -414450237
594920407 379018583
804629177 -1453521287
379954474 965005142
973486026 831864855
-1399629755 -1831623986
1333431794 -747868626
-985194199 -532668688
641234798 1153045728
-201397434 1460421070
-2119092195 1599188923
1783386879 528265416
-30074522 1791857010
-880651943 1652448035
-239703180 -1488281144
1262874136 1288615621
263636127 1392420845
-1694599445 -2032985710
1665495352 -475154715
2088011617 927321143
1912783338 -2074025868
912769940 1634553640
1265411142 -990659922
636050881 -1624961843
1680729194 -521460054
2103607800 502965818
-1391972257 -1354984780
-1896119880 -1117653768
-418080315 1887496657
436332583 1843691525
598036163 -829090780
-2068780218 -1904959337
-1199308030 1902897332
433793859 1596565720
302464475 -883386607
-1402365603 1394478995
-434660499 943104569
850835125 -979262144
-783278018 1714027584
-517875133 801871823
-1564731326 -345443427
1980405523 1641896702
755769727 -922058151
-1549690956 1512083840
694095199 64474037
-1307783670 341919152
-1597206814 1486845574
-525656513 327962988
1924450278 1706707121
1767935132 -283325583
1057895486 -1364714338
-1492789831 -640664437
-479702031 1042273441
-1685151963 1419737533
-242031956 -1131670337
1126503422 -1904736160
-1450707158 -1358495718
-857350533 709566362
-1720511373 -551350192
-1418376426 -1896818677
-1360083693 1624630040
-1922742270 -135341365
1040318036 -22151985
-1195581777 -1282632132
-804738815 -810666422
611510759 1541811453
-1926055271 -1822675212
1109961696 -2011821491
-171102648 -1411870273
1590930523 -1807094184
-1899322846 1678138642
408501444 -1614511092
-214613451 -934419075
370988578 792135454
-326641055 -1246933041
1255668298 -590439698
-1182439048 990873465
-1375521991 -487266602
415547186 1937766383
1849718314 589366279
1631097203 -1126522079
1416886053 -419325461
2139774274 1547313625
1398354795 -79265735
180696715 106255367
321639826 -12744151
1285953109 1833963562
393018070 2080636622
-1855150957 -319382336
-1079644426 1914865854
-1549488739 -2145766010
-1573287355 -647775695
-1511336797 -1001619749
925992087 -588565075
-356184767 101565317
1926819820 -50467511
-890364643 -2009704447
-1772710411 -2013144915
699375792 -472423737
-1170467829 503161001
482937423 1252110883
-2092878856 1280070062
-2052883244 -2105932688
-636897063 2129408406
1320064366 -2038716452
-337034457 -653992905
1577633872 -3713910
-673949295 -1221885043
621191275 35392161
-433030106 -1190039957
1819062056 1738129199
-702144271 -1878528258
29660535 -429987676
1641629765 1761145079
-1143423613 1566357010
-2082916500 1281469995
-1896675386 1641497162
56973464 -1487498679
-786314691 2046947494
-1400007512 522452394
-1572161028 234393453
-1858221412 -580402504
-359173130 1334678489
387129940 -314483432
-895176406 -1773596770
1349722763 1379605597
1007148339 932033951
-1978701475 1752034199
-1010093226 316791993
221401288 -1705800170
-1460154018 -276975231
-262850193 664471324
1158462497 -1987193785
-1066356298 1669274455
2092507250 878267591
-294401264 163282007
-1637634052 -521944693
2120769870 -1208758237
237094571 -1534078706
-44121414 -1721390906
-730514583 808054588
1196808993 -1614577133
128263735 1582967074
-324020899 514093473
406920935 -1236363901
2898935 772844202
-1316943437 939504059
2060635145 2143002595
1084662576 1335866102
-1621264215 -757535497
893926605 1289114208
1698583437 -1776659819
522299980 986478016
-1167999236 461204773
643962659 1050589372
-1893439553 -1052417833
-888580537 -997663172
1741040177 846907077
1655922696 -570313655
-1173556948 2014781379
-707453680 -1448268523
-212786007 -347764129
926066416 -1873008233
223845349 148384937
-665496957 -1216178020
-864021286 708085168
1303037275 954545781
393277156 163975790
-270163960 1144322327
-1900966225 1036599657
416622751 -313317225
1986894548 2004255323
2045710413 -1612233824
-1801079980 -2103916153
883595052 -397598500
-661417411 -2080236135
-626413883 -1306397651
101769434 -203340286
907469683 -1248634147
1488675499 -925518468
-1180216673 -382381593
742107214 -55135892
2139693700 1196240099
-1924567247 -1259476419
-1016831141 -898376840
1100163381 499885749
1706898296 31322464
-686956112 495955412
1101875628 -357770228
107984715 -1167597242
-215312281 -1181271895
658872639 1523730185
265221144 -1231103926
-1753558280 1087353256
-614668114 555809056
-2116246245 137526161
2100980740 603397306
2115610069 1556775205
-1771847494 -2062926754
-764433938 955925534
444979609 844501573
-1246841630 1059233065
1887062778 -1530207329
1702014063 638535830
2070254804 1611997093
-1530350298 -1090585537
-1652875340 2018782247
818706195 -1275061836
-33526776 -1311573035
-1101898274 509327123
1979962665 -2077219964
1945036985 252287020
-503841756 225991365
33428535 -1415406412
300695207 -779542963
91294786 1532539275
-1992156295 -141467868
-849832274 -1597928548
-1288035532 -1739554626
-100409879 -679881072
-1274013936 1302318195
-526570156 300935164
1236889707 1419655284
1141857759 1817106234
1909613616 -1414956262
-123510288 -1674506314
1138774777 -770449525
-180275534 1549592864
-1896552517 -1256967344
67027016 889670130
-682491672 1578406212
326241214 1478163217
1885930590 1452286344
2125364439 -829992281
1663596322 1649849462
0 0
1164561254 1221105166
1271490654 2133719100
-568681269 1900939879
1363817094 -1827502825
-761416846 -97788326
2013331029 1250852186
191133954 2128376469
1782859669 -1941966585
-1938695536 -406540421
-977370216 412650511
1331641809 -1362918873
1263465043 213699862
-642353858 -1872968421
555502727 516649967
415361959 1297298987
-1167442712 -1431791474
1571721503 1380843328
-916296278 158623499
344727965 852222472
-1501538036 -1884774376
264139328 -553471480
-2061352476 405619111
-383797106 -1992234630
2095356152 700127880
1024134536 -801885990
-888207922 -984934406
1274086558 1256498191
26242501 320361044
-352809097 -1291037455
-1119233807 1124690384
-513234174 108928810
514546694 -1436615509
-338636195 -576745541
2115845002 -1112178711
1591551633 41618099
1325494129 -1339890753
-1805772912 1715755633
-1122711713 218242883
-2041748117 -1766022465
-748973491 -478088333
-1099100178 -88602684
-642152242 -2146737524
1606796314 -405441707
854630952 -1071612866
-896597590 -658578829
-46951952 -250851931
-615960273 -1929104855
-1037650787 1241555431
2030776142 -1127388891
1681795981 1444253460
1541284767 1228562569
1180092464 -1325407415
265696331 -2101175643
-766620162 -1621434463
580922012 1680948291
1782922231 1725119665
161961564 1711010431
-1544724096 -969527754
-1421868545 -1009053424
795736428 1184284116
843183573 590073267
865642343 979276813
1534483934 2091840856
-983442203 1344076271
120477442 -121003982
2067082772 -456340864
-1137725273 -1045220527
0 0
-1900953448 843573024
8980864 451745221
51884315 -278799743
-1404684001 2084827269
1159282651 -408288123
861926603 515444247
-43453237 99035421
276108398 -611664290
1074670405 -1312762512
-1989965442 1607360932
1269064484 1044629399
1487100372 -706117663
-1881205690 -1702270472
-1746027882 -343721075
710971145 -1293646847
1890223793 1779092300
473631911 -1470921307
-990259144 760080199
2019453092 -1860983217
1673264301 -681219214
1455279754 1106129712
1388703012 -1724232039
46753117 1470885026
-2102637482 -1694527701
2049232783 -342602544
-1666886739 -334930522
-595090129 229856866
-1161852425 -1992648276
-829177838 1463580039
-1675691876 -704731124
-1971539579 -1014916742
503654617 1648922745
-2032648751 1023850641
1226799388 -1464575523
98134680 -472886712
-1858825203 936077213
1802284983 1568705040
1206801966 -105788261
1904159366 1355307588
1368268606 -1368012773
2098314105 -22163076
-1233420505 -1609732722
-265918656 -1001959825
1559974676 -609678061
-764728693 -1557259264
741253135 -1893581837
-761164263 -1351729469
-2014953200 -1389182943
2031693568 -152110324
-1790802974 283628295
-1526607720 -1582601056
-93262157 2145221286
-1304110319 -24654413
147319535 979483637
-1696319183 1435053409
-458945122 1667065507
41594829 -1408217486
1983471784 -1727300493
-505696418 -1365827785
-482838887 -1199668082
287176065 1458526438
1959609001 -358926818
-450516123 231909125
0 0
624740202 419460542
-1322035174 -32521976
2097012046 1512342166
-1838959876 534719591
1491270851 1792710844
-1532994413 -1723038946
-1582781625 -1599755630
1696778661 400964587
-1397309138 -420309857
288508640 375527740
-1863697494 -1073591699
595195944 -739583558
1230513069 -912784495
-1026358370 -404963534
-384347155 -1304649422
1743537163 218939358
814233712 -711200572
-64767561 -731817404
1313709304 2066453191
-174963487 -286551412
-213074857 421500265
725857073 -1130160497
2123640532 636450788
-1662907029 -1418083240
-1024156488 1527448170
4397675 1482692549
822104880 -27679189
-307752937 -1748621857
1381019727 -769237537
-2108731478 1722448896
578186515 -2064986615
-715686955 -1725147404
721682966 1510209284
-1690117529 -919131282
-301941846 -2101365608
947473329 -1281771875
-2110420330 1657231976
1618866163 -45337918
610437882 1223626201
1024059103 510956760
1518582609 1149568213
1456234820 -889429924
1527676232 -1047752434
1286511661 1785713660
-138560922 -1199355472
102715238 184166678
-653729727 543524633
2099088449 368815055
727872125 -1908661012
-1588948601 758756504
650879212 923070835
452114132 1005429696
484820140 -230198621
240985769 -849772927
-1208583000 -2126090125
611599497 -1342809395
-1813332809 1193409919
-1081638855 1251981601
-1406245808 281391282
-651554312 382084261
1112220435 -413253141
-457790030 421893577
1196057263 1216324037
119793866 -1687948812
