4 10 2 1001
393692107 1989291261 
1869510508 -1540362844
-1216716349 1498869334
472496778 -1125294812
-918987747 -839468443
-1525494671 -1979063010
-1874226923 1978334589
347132609 -74220489
1026578693 909317619
-1889115496 1771627215
-1340841963 1510956505
-493408954 -1714298230
0 0
-1345988527 -259343368
-1153368473 -527737806
0 0
0 0
1153563635 1165055055
511962789 2092449965
-1865450510 -1108276127
372522495 1769287150
-542273195 -467113140
-1557794138 779453816
1261635478 -1006331887
-1266261222 439573666
-1250256499 -1204550100
800407682 -954358073
-837830037 1573818433
497250955 1519553330
-962021684 -1942841743
-1243326622 -1309593956
1979629301 272008398
2106465497 -14034301
-906528230 -1301726996
813321861 928780779
1937760606 -1950805815
-1102112622 119073642
-587195531 -1132563531
1262207645 -404100400
-948786748 717147998
1619048331 1363999839
-838702246 515828591
431931724 1010210710
-94904353 1031759769
-274319255 -1415050193
-1875337986 -699118820
387204203 -1382861938
1565514630 594769964
-215071986 -1624075229
-1121966745 -1273250274
1739170643 -1747893186
1387413053 -229392826
-227159249 1353517930
1710188731 -1488090780
-1633215178 -548546107
1917039419 591691803
1196417618 159317993
-451637736 1989014154
-374034517 -1128547504
-1126899809 565954873
1535967237 -1990441176
-1625335026 1748033721
22246926 1887818590
-2069435475 -1203276986
-2039257264 -1354766378
2033562669 -382918836
-1179757251 -879056258
0 0
0 0
1515869096 -75019749
-10418350 -1406769574
350993649 1913910718
-872310051 -1137051757
1934250943 -558499960
-332650773 -770826162
1481068087 2102732551
0 0
2090791900 -2027518587
-500823368 363852759
729817612 613358945
-753503406 -2143387498
2113792641 1170979573
-729971752 -287104547
1386205977 152842382
1958912911 -524170139
1433510249 -1304408681
-178198367 1950650259
1505268581 -1560141072
-1186191969 295806938
-1806924953 1342066972
-951431513 -622509315
1347833446 616972907
-1236678850 902890404
-460240849 653130921
-191137891 2068621922
1432277394 -2004085715
-252792464 -561474377
705764124 680982940
-978415004 823561991
1484254675 -898638584
-306029494 1936650865
-1953278684 -971093776
-885491993 -1845337011
-644011602 -1775088506
874092018 403385254
101263884 883931704
-41684092 -600215705
74238072 1841695
-1847018171 1183005046
-336403985 -1340884503
-2051940029 1642494982
1743661042 -1172904753
1963421543 865894053
596436459 -1160292254
-1757998901 -473838053
305286897 -152156008
213235486 -388400674
1250766994 1359110491
258471644 1552334985
-256415244 991649367
-2113473104 1661868534
1600789193 -878230742
-368782921 2052173416
1970592132 -610037830
251508170 1103262852
1139834059 -48710988
-1377675505 1776819724
1690059287 369102669
-711144341 1719917676
1592854930 -1299942197
625466330 757513992
-914361623 557955770
-1331243969 1137333915
1225269255 -1812571232
-894001083 -8283294
587054837 883593752
42539434 -977066066
-1949246556 1464794949
-1139519147 929988329
-284473463 1991422204
-609947364 -858612233
-1423912535 -155667806
-1150461998 -1080750644
-922873935 506372027
-2022956081 362770466
2078570039 -1873727969
-792340943 -731796853
-1681794151 -364249038
-931545808 672203573
-1622439256 438641200
-1687703651 203917129
-1102470891 -406356231
-1224179677 1786238614
-1017702703 -1832581673
1535717859 1516396112
-1714457444 -1526408714
-1233953692 -130670897
-106614714 2134712557
739557239 1338210392
1839304516 -685923642
1514935467 -593687408
-2033541956 725172558
-1839207969 1808754720
-981681138 -1866704067
86817116 1916289440
-900844939 1086543597
-368589320 -1246047138
345248774 1003840375
-812600250 -867797476
333168819 839287347
-262473660 -1177731057
-868979384 -1381860749
-354102946 -1754055888
1084702061 -1879006304
174759951 -903743817
-353245890 361373879
0 0
1872795854 -932110137
1623570178 1727547859
-1785820137 1106022949
-1230668920 1933973165
233119330 1440055760
-2146364715 445163464
-78987253 613403622
502042256 -331045007
1898267297 -857023586
1838059476 695232647
427039450 -894936455
1443769535 1113659596
1191851253 1166859616
1185297216 -1898488658
1624731830 1508910825
-1652427077 -2041729280
-30677317 226128678
-1864715500 1221727994
1840452654 555620956
-343487953 947107440
-1626677183 1439204223
554306175 522370789
89811317 -1894756537
271367879 134293162
-1259396168 1727557360
-319028137 -363993565
941965998 1434612009
957129285 -1200798527
1610444743 -173551765
1008761539 1662337790
-1161300435 1988397336
-752228225 -988935870
-485970052 -745215214
-1920132697 32692865
722656971 -1535449809
-1715226498 -381980440
-785181810 -65222944
-90456060 -1279107880
695452201 453662242
-2076143208 -1667518363
104628798 1186964904
417199668 1466002533
440272267 1735286210
1306808368 -1807033428
445422768 502386906
2095167848 1347181108
-354735433 1369118689
80199603 -923069647
-2022366218 970804862
565786631 -1322624849
68965260 497036487
-870642662 -342791008
837064315 1979501217
-1713019704 -577811099
-1614434297 588488652
1291709068 2065770003
2123900678 -1221334054
2125513572 -889009630
537464220 86421881
0 0
-1574957727 -756134975
1641205462 1188652602
-1026350152 -668389979
358123188 -177389602
583783056 1878226438
-1411060792 -693980437
-1866804891 -1693536344
798140066 -585439843
1414934344 -1003013292
-1572895013 356128170
2029833114 1847003977
659166983 1531040766
-594182590 -1488985335
1040378344 1641599538
1342715234 1681971880
-848534393 708562809
1314348197 -423043671
-1717617525 274425325
-924000306 -1187095755
547674665 -2120831335
1092962143 -1781425822
29799479 802355980
1954517652 -1905279284
653778281 1728208304
972134328 -325357704
-1593947086 -1169047232
-538442818 610680034
-515041074 1789714654
1551819542 -2032264856
1151310131 991602038
1034755569 -1990355741
1941724185 -1227989951
762551856 1365274332
-165005270 748132658
742378202 -1622141866
-1436741473 -1038813753
289621908 -1695861520
162917507 -1613117815
-826881352 -993701898
-566521942 -744157575
-68114804 -1554701179
2141668565 -1705696242
1529856732 -821033317
973214753 1186355566
847523980 -762818981
1872800739 1387826937
107812936 196283994
531304189 1845884247
-617653849 -1429657233
1284984806 -2047487719
957508661 -1673181974
1525663417 939954500
1840921527 1395981893
1391758274 -1960819208
-579097549 1524188167
220558071 -825109501
810398112 -2008978645
-1337670258 -1661866358
2080924455 1376903709
-1275346814 -1982777509
954965727 -666636451
-1595216688 1865877722
1369482427 -614988296
-526765708 694363810
-1758634172 1386177356
-972045775 -1137240626
-1420846626 2121850843
719692740 -1355262967
-1695617488 -368776282
-1711697661 -1450110151
132417381 -387777065
2095814083 324134838
-222322505 -261655101
81312301 -1244548470
1565537233 988739916
1621658792 -1167236695
-1209574029 -643791759
23894383 294448951
-1706312770 248862703
1102278732 -38072454
647681698 779779054
-1194235453 1269461698
-1401542090 1818957772
0 0
1154945561 1688496544
-1705317283 -171715322
0 0
0 0
1687817417 -1572041641
1811770111 505271575
2004610353 1664652580
906105905 734323396
634656072 -479967076
314717500 810356349
-308403535 1368404757
-712601529 887591482
-365226889 261476268
558741098 -699172579
-1931886014 550551896
998812267 2104034884
-1963932848 788230482
960688281 -826877386
-733729061 1696095065
1332162870 683592444
-1991979994 2126949278
962760707 -1628683150
938744129 132392858
-2007326386 1389994830
-1495576561 -2050551545
1506563817 -882558873
528992925 425008044
150709637 1724347748
1012534425 -901218869
1016170974 -832033570
-738828670 -841590186
-1062214783 -76982453
1803905789 -2030788019
1273265523 1026566510
-1938359536 982638684
455315755 -503296375
-947052979 -930889393
1562315257 1904895838
1607145841 -146278771
-1592857437 288423757
1616707558 -848712121
-786278519 -947512350
-873866589 -283393276
1005822750 1680074989
1549774834 235765405
1836644535 1123991550
-319190715 -1541211158
-1959291704 1289942220
363981439 -1944279316
-2003966906 288642494
1741559387 1121550605
92952627 1770198225
-29129189 -1130920622
-810884233 -2142589545
-2003050296 1749728712
-807461954 -615878374
1700047179 -1355145643
1195765669 85531393
-1062119742 767877839
-151049844 -747883588
-1694732574 1426451162
-1187373970 -2088360915
-2117996712 -184520344
1332420269 -1692279004
2086959252 -205089630
-1751680767 1653468325
1358050647 57022155
-2097698150 -819663186
-448942712 198772253
-534588685 -1659609704
-2043487474 699818538
-1904131428 818494353
-703298816 1491992555
-86734614 -453270158
-1901435741 61651737
-336312884 -557489586
-1801542198 -1102945762
-2006416157 -1473406378
-1615250812 -935701070
-1369645617 1873580039
1377764514 -989691894
1807011347 -1459293313
-2046458894 -1365364613
527313261 -462254553
621537081 446632610
675808562 2023392830
-934417416 368025507
1902990840 -122697719
514357598 658742098
459587277 822932692
3641542 1842974933
826279136 106032834
2049405414 -841578128
-1749478610 379258082
64886159 1802696856
-1350655127 771911158
218159022 -1502324976
971361770 800064665
635589838 -230262896
900576589 956708157
-524302807 1715856062
-444489170 -969888164
-920674275 -2025253886
1558060403 -350267185
-1584338705 269168940
-1852089893 1577595328
1871731963 -1219538959
1671014342 1347275816
-1342564086 -55979909
-1065416992 1509852210
2089493239 -110460842
1222597946 -184369018
254326421 763911474
-1494283021 95485359
1328874520 -939495073
-1061034652 -1063136757
345894388 909691953
-1940858908 -625998434
-283443286 -94895828
1786412162 -2074947087
157969772 1156269255
-1118295617 550847463
-1400686259 1671067722
950767867 -1133407216
1317822880 -1329284853
-874131492 -760886129
-1843963543 -2039524592
-1127027339 -1351204705
-525219697 1351027107
1991646147 -1786158087
0 0
0 0
-419008890 2134245437
1926612899 -692679341
-1250664581 -1296075135
-848206753 -644452373
785791039 539148954
-658651984 2022622947
415012900 129909470
-1552565432 -1298932646
-825691782 1357453352
-1114581171 319338911
1285160597 -1198313801
1863443134 -1589896720
971143291 1003453210
1664055103 720330795
-139490693 2071796407
677487954 -1446807736
-2081700431 407151399
-1341808560 -263936034
-718572963 -557589327
-668300941 981049189
-2122542989 1166495634
-1276013011 384490335
771255313 95898920
-264497514 1901600781
1337812012 1614789750
1293425951 1240868695
482358445 -1043091648
-1994488399 -946790934
-1185086513 -165547066
-457276515 1116591836
-841524645 171064320
-618391981 -511970443
1608009136 1522866357
7827771 -339325495
-1423113763 1321517460
-830716956 -249912006
1506489646 -289540587
126881684 -908374813
-1323262488 -1228047180
1159719460 262574221
-912637251 217021189
554235734 -1115114032
254813634 -2146102464
455904422 -1747181765
1580807354 1763048022
-1817729749 1290811501
1896889938 -108091087
-1334713609 -1135719631
1610800740 -922333383
1948409551 1092768238
-534396636 -210843613
506666428 577486938
-405893976 770335346
1308602888 55338324
-888755943 682466295
2067113456 -727897257
-1747207621 277381196
1844276897 -797335774
-1742333805 -2029320439
1169504873 771149408
1922892740 -217215039
65927807 -685409096
-1907201770 1663455491
0 0
4872260 1038551176
-987495057 776265350
318192614 1512763171
1235274266 2084062641
-225807037 6716154
571335431 -769649787
1302472182 -937771783
-423795235 748433756
-9764158 1179662419
-1600073705 -1209341416
-1625564618 -1004770723
889666468 -690130729
1800269174 -1107115961
-1208159959 -1479012413
1813746170 -2141730396
-576635943 271360463
-212926086 -1771904988
-1785153583 116294306
-47141072 758627144
1182845590 139048498
1728391637 1397578337
-84185661 -1687309682
1179968897 943322868
756144414 -1829879533
-1285513979 1851071801
1816332976 -1287786063
-1022500577 723400201
-937762948 -1431336790
315501944 -222414680
-432795273 166364538
239578948 114660498
-1136948237 1095896080
39502956 1868462402
-1254743840 1636288710
-695921297 -1317517081
445583205 -54223679
-170026014 -524483109
-1553173489 -779876849
97393399 1255604182
-1790493052 -452643651
-763653543 2073429882
174561443 1126157454
-169247651 -1687723876
-776984060 -1680146144
-17473492 792150745
-2014375642 -1606046260
33088350 1252791561
715602063 -475234490
1400632313 -932375338
-1960214436 -1829313176
2132979254 597945451
-1740756919 234250571
-909175784 2123407840
1071913835 -635528105
-1956879676 -1576338311
-368499831 404488167
2037033172 753212093
-1817291973 1811640976
524435127 2030002658
-807641717 -1095426519
87635049 -882812005
744335632 -325736840
-749335840 178916642
1853810743 -242830757
1690988842 -639040049
-203609448 1822709611
-62502595 294510566
-784749887 1806262032
-1000441543 1736856905
1553754533 -384323137
-927238272 190785685
1341579811 548911850
-303132152 826688403
-120830895 543162164
-168256282 2096244135
950033546 935750545
1238599506 -1568177345
-1347728654 1022220345
1990791824 -536857982
-872543074 1342419699
-825419583 1486349579
-1112472804 -212375110
1793339447 -894422773
586297620 -1962439614
-610519349 677845271
1037428828 -1577835455
1715180826 -2127321404
-366980434 -706751614
-502205089 -2144505991
240636246 -1615279095
247633296 -1874552280
678285179 1140273170
-415253805 863573151
214539100 -1061283606
-1348852649 -1722171999
-818903584 -1935345778
1553085805 -534490794
-1659424241 -1900048125
-1750123048 -1053638718
1339378407 -318807408
-482592782 -343362363
1934243078 1490651975
1361483069 347604833
1772089682 -1500135909
-417837836 309511369
-1131922550 -2071428314
80322314 -1864362021
1585678719 -1368178032
-1265158532 624883992
-1880646422 1395032188
648241803 759199737
2093294006 2055232964
-515088303 -1161480742
2113208607 365973194
-1458753941 -122977851
319395323 -2059433873
-479355734 1378169631
429107825 1086259564
1184097864 2074989870
-394632903 1738608102
181211503 1688752917
-585241002 -316214173
-1823998950 261992222
720337730 -978657537
1357784787 1602769937
-972626286 -1045729550
159200538 -1746679507
-1957530289 -534452982
213287431 -1158707186
1483033750 1988888508
-1241539351 -489558
2105388250 -379123295
317251674 1976583182
-375704802 -1970373863
-1229025900 -1933821801
-532493929 2015835285
-450201599 -463526257
-1104914214 -1567370043
-1301825308 -622736564
0 0
-887006282 -1816208307
1266082985 -628555003
-37368389 -1391573091
-772240678 1036788225
1479862687 -1377894843
-2128909686 -321598090
-512656107 -2060800848
0 0
559322996 1536597619
-2082218841 569137614
818027380 -1223776683
-2118738042 -1580086015
1669016948 -1825962745
-1047916491 1597418244
1114055645 907100839
1882006177 -1863139461
38115837 -1525933694
609543226 -58722720
1827874018 -1625223283
-427998445 500581279
1542814293 -768828702
-11130414 -893590547
1328351446 -1576078590
-1942858758 1467365344
2100351530 2134453394
1843193929 -370419663
0 0
0 0
-500622276 -1654924232
-325183324 -1612058380
544742944 -1764679327
-1323853093 -538102338
-956486848 104922921
1968087905 1413141522
719424584 1433522269
257419773 1225763848
939705345 -580778495
-264955577 -1910094833
-1832546308 414272654
1320910328 -66126198
-478225861 111747122
1162338351 -2005132046
219145065 1690720727
-1776262966 165044128
-426003538 591820906
542535703 1666286187
-1857028815 1233242880
-657994066 749584642
1396009015 -374029946
1522342878 722635938
-1396783432 -1458368116
-330537771 465432025
1838581567 1292084627
1817065344 508028434
127882041 -2019481627
0 0
-905380486 -1995482743
737767792 1458392638
-754952832 -1843724568
145683835 560524696
1689995733 -1725205119
-1641324730 -408732636
2037891446 352808409
990516056 1069951179
491975836 -1102301163
59615356 608911982
-1635703821 1846301507
1479477656 -1058086146
-2052249112 1743470388
1537149487 -15365237
1809772928 984674465
-1892592796 -1539451282
-1632890312 -1567701105
-1324369273 587925337
-1281411001 -207231947
1589544303 768220571
-242042045 1004099084
-64910976 1302923541
-119911262 -633592050
1495947691 -924744594
-980133133 1765576706
1679520664 -983679522
2017594798 2078422757
720196217 1190479613
1662618886 -1191028037
-1253268297 1986072258
-1381625204 79532091
675971982 -1968073493
1433416203 -1544675143
-2137110983 1759532421
-2047213833 -1531203450
-282237621 -1431421918
1072638110 1087398044
1032440395 -807868953
-1951890831 -328322849
-568309953 539674794
1439173203 1057401891
1760115946 -1347696169
1928362764 -1367549896
-1025013642 591327903
1507981344 1699494463
-1780445314 1528066027
1004893052 1479188805
1534250682 2120265746
-143153174 -876568422
13658426 -1059813133
1334987233 -924778000
315287739 -1205064258
1066949174 -708754031
-415082769 -2087853652
1655134191 -1037877016
-1935611549 -689208102
559754710 250337142
-807061324 -1888503479
1662254608 -1957584780
1313590737 1281669865
1154840855 960237687
237696853 303961776
1975297545 193297450
699226268 2008821393
293209194 1344783133
-1741959391 1201942895
-1839096434 789905312
-796815868 -256123946
-500108934 57214201
-644447583 1142413833
1115061840 506602015
-85675903 592206590
-2068613383 -213104362
-1827913479 1444696512
1958189461 -1435142609
1626973487 258526757
197011739 530486721
-755058787 -1718538891
-1083655792 686842021
0 0
-1695171524 -811258336
1041177472 2105324130
33693566 -2031751319
-680352121 -2055468667
820113778 -1921321682
217188486 1799546726
1196092322 1104096330
-659562917 -1574782152
-966142140 -1502108095
-2104789005 871016358
1330239063 -1729327746
1139077625 1698690604
1662112188 921772012
-1394551482 910064124
286472037 -1584225949
0 0
2065684465 -900463002
-1838453465 1718891251
-1796959600 1380867654
-2017347964 1699409329
1813844553 680891257
-1609829382 -1682517294
-1267188135 1188477156
-1220487539 450135093
372098134 -1648214959
-364828048 -666319694
857128398 -805200561
395999403 76742298
548357313 -1983971920
2108397690 31594001
-1265329997 454246153
2109458002 -2121097948
667129422 1075109140
-2001477776 -1225880728
1465172458 -1406646927
-1994553989 -1031818624
-1887592191 1480380594
1972198613 -683052777
1612795699 -332916141
-167318071 -1158059530
-1275286854 -1094891239
389789827 1778519335
-1488403817 1057877663
0 0
-1294544397 -58524582
-1643940608 275541111
1617031821 1601472998
665904257 888563800
1402748260 1325220044
1692505978 -39066429
938058816 -1650282241
1836670688 -1013423017
-854359220 280963859
1446084249 998349948
-1918374463 1949506445
1947940849 1898721680
2058955915 1162505700
476792348 -1243083089
-1305691057 -2067958772
-1682011527 -1090049205
1888272854 -446021432
-864055144 -1852012688
-464521739 -1323078886
2017759192 1554351336
976406602 -399970461
881373289 -438659773
-1241516714 -910497093
-746330763 -1550269884
583198876 129882437
-519221282 1672033643
-476550102 2110226175
1208275339 -1083934312
-1773643868 70618146
899776646 866075112
-1451850004 640249762
-114334197 -1712794749
-677016807 1731592659
1072953158 -1230028373
-165869196 -1683659612
-1235259638 -466453793
-142976803 640230572
-1925841903 614171451
-1052176747 -1516527894
447005184 980426500
-1925600826 -71706782
1807172951 -1876604923
-1407378067 474320203
1210837363 -2013067894
949187217 6534501
658794355 -1247668101
1721003543 -1421440290
0 0
-346459606 476126014
949585998 443450513
325344225 -261075636
446646132 1241828991
-1863972026 -537049993
842534938 -2086152309
-1440909962 -1626395128
1927889154 2078840284
-2116317652 1877024531
943707231 -1293872875
-904356807 -759695044
1265462133 -835274848
729388374 -134222491
-605259716 -1419993318
1792790866 656013371
632519867 -1429790962
-1970770968 -1963663530
-83830961 -1027872264
419657292 -1690591994
168719133 605899892
1752602177 -1468017693
307552438 -1597156343
-1827317428 -1448864480
791261906 -991407602
-1307434362 -313781425
1315490861 646081893
970577984 2102213964
-96393127 -1633565725
2011332103 995973590
724323360 1712184399
115177573 497142223
-1017874129 -1743975898
1926703154 -443796396
1780092494 1141362708
797138648 1422553221
1838221443 503770507
-51621026 -818738496
-1174429502 -2125949856
-1860144125 -1286523360
-1544835796 -1397474966
-1876743015 523126476
136638996 1115247098
2003349642 -1604208107
-61929677 92707070
-162269000 1686391125
-1857130618 596628835
1837941985 -1518708290
533836140 788142856
1285601004 -284839614
-1241304538 -1497113649
-719154164 -1998753558
-800244985 -1293474294
-202221191 2079748944
1922150070 1832866521
-804766976 -150832257
-426142887 1581615346
996955549 -921921456
856081322 -1174227406
-1368360210 241197136
1771495808 1401868457
134400769 -669575271
-344441418 758250435
624945724 -550781028
2095747421 887180164
-2024803810 686508156
673503642 1817894687
-703141688 1700554647
2077436673 197379666
-1880043824 -428906964
-1111729490 -595983457
693083501 1178634356
-1423907342 -1071134395
-1338329014 763094314
857745538 -2069069915
-2064954840 -2034915190
682485704 -2089610366
976583971 1780520451
769931603 -2052170580
-2061848891 -167697049
-623882510 1267697570
-1196129665 -1835642975
1550454173 -688297404
-2018505071 1797374279
2078621679 1405545471
-1564504745 277074559
-1354118958 -34929718
-158623604 530167015
872201508 908192970
-107407546 1674404225
-1670921889 -77389439
1967123250 1153263280
356196617 -1510140722
-1706119375 1988249128
-1999917755 -75499358
-961991994 -1436681112
-627008847 1731017408
-1126411373 -1517592499
1194322593 -1729242169
646886006 666025378
-1265650341 -1211184530
-619135539 -1510058484
1468259255 -620443768
-1150778614 -589455668
707427835 -1048374770
1487939513 -516810464
584727244 1263853935
966607065 902368438
-802103989 791075403
751578477 -1216294251
-705220457 -506701698
-1793269339 -613573585
-1883566736 -1129611527
-311114059 -899545405
873810478 -175180910
-135588299 -484253830
552004983 -971642561
2022692524 -1982601131
1975656202 -1043349611
-1522247760 835794598
207223126 -269345683
151707750 991367271
444212962 804462955
2005172481 -1211197980
-250026449 -180125760
362783224 -1378836887
464215699 -293751353
1518699824 -730048561
419695660 261435710
1910833747 -150010463
1228290119 -1670429557
-2106162744 966504058
-847198253 -1486229951
1705016923 -1374451166
2041073156 381266735
189993902 645715856
1936193705 1988199717
-854187397 951143910
-989580288 -1845352567
1253718403 1194779132
-1043576255 30539827
